0100000110001001
1100010010010110
1100010111110000
1101001110000000
0100000100101011
0100100001011110
1100010110001011
1100111010101010
1011111101000000
0000000000000000
1011101011000010
1011110000000000
1011101101000000
0000000000000000
1011011011000010
0100000100000000
0011110110011001
0000000000000000
0100000011001100
0011110000000000
0011110110011001
1011101001000101
0100000011001100
0011110000000000
0011101000111101
1011110110011001
0100000011001100
0011110000000000
0000000000000000
1011110110011001
0100000011001100
0011110000000000
0011110101011001
0000000000000000
0100000100010000
0011110000000000
0011110101011001
1011100111111101
0100000100010000
0011110000000000
0011100111111101
1011110101011001
0100000100010000
0011110000000000
0000000000000000
1011110101011001
0100000100010000
0011110000000000
0011110111000000
0000000000000000
0100000100010000
0011110000000000
0011110111000000
1011101001110000
0100000100010000
0011110000000000
0011101001110000
1011110111000000
0100000100010000
0011110000000000
0000000000000000
1011110111000000
0100000100010000
0011110000000000
0011111000000000
0000000000000000
0100000011001100
0011110000000000
0011111000000000
1011101010111000
0100000011001100
0011110000000000
0011101010111000
1011111000000000
0100000011001100
0011110000000000
0000000000000000
1011111000000000
0100000011001100
0011110000000000
1011101001000101
1011110110011001
0100000011001100
0011110000000000
1011110110011001
1011101001000101
0100000011001100
0011110000000000
1011110110011001
0000000000000000
0100000011001100
0011110000000000
1011100111111101
1011110101011001
0100000100010000
0011110000000000
1011110101011001
1011100111111101
0100000100010000
0011110000000000
1011110101011001
0000000000000000
0100000100010000
0011110000000000
1011101001110000
1011110111000000
0100000100010000
0011110000000000
1011110111000000
1011101001110000
0100000100010000
0011110000000000
1011110111000000
0000000000000000
0100000100010000
0011110000000000
1011101010111000
1011111000000000
0100000011001100
0011110000000000
1011111000000000
1011101010111000
0100000011001100
0011110000000000
1011111000000000
0000000000000000
0100000011001100
0011110000000000
1011110110011001
0011101001000101
0100000011001100
0011110000000000
1011101001000101
0011110110011001
0100000011001100
0011110000000000
0000000000000000
0011110110011001
0100000011001100
0011110000000000
1011110101011001
0011100111111101
0100000100010000
0011110000000000
1011100111111101
0011110101011001
0100000100010000
0011110000000000
0000000000000000
0011110101011001
0100000100010000
0011110000000000
1011110111000000
0011101001110000
0100000100010000
0011110000000000
1011101001110000
0011110111000000
0100000100010000
0011110000000000
0000000000000000
0011110111000000
0100000100010000
0011110000000000
1011111000000000
0011101010111000
0100000011001100
0011110000000000
1011101010111000
0011111000000000
0100000011001100
0011110000000000
0000000000000000
0011111000000000
0100000011001100
0011110000000000
0011101001000101
0011110110011001
0100000011001100
0011110000000000
0011110110011001
0011101001000101
0100000011001100
0011110000000000
0011100111111101
0011110101011001
0100000100010000
0011110000000000
0011110101011001
0011100111111101
0100000100010000
0011110000000000
0011101001110000
0011110111000000
0100000100010000
0011110000000000
0011110111000000
0011101001110000
0100000100010000
0011110000000000
0011101010111000
0011111000000000
0100000011001100
0011110000000000
0011111000000000
0011101010111000
0100000011001100
0011110000000000
0011111100000000
0000000000000000
0011111110000000
0011110000000000
0011111100000000
1011101111010111
0011111110000000
0011110000000000
0011101111010111
1011111100000000
0011111110000000
0011110000000000
0000000000000000
1011111100000000
0011111110000000
0011110000000000
0100000000000000
0000000000000000
0011110101100110
0011110000000000
0100000000000000
1011110001111010
0011110101100110
0011110000000000
0011110001111010
1100000000000000
0011110101100110
0011110000000000
0000000000000000
1100000000000000
0011110101100110
0011110000000000
0100000000000000
0000000000000000
0011101100110011
0011110000000000
0100000000000000
1011110001111010
0011101100110011
0011110000000000
0011110001111010
1100000000000000
0011101100110011
0011110000000000
0000000000000000
1100000000000000
0011101100110011
0011110000000000
1011101111010111
1011111100000000
0011111110000000
0011110000000000
1011111100000000
1011101111010111
0011111110000000
0011110000000000
1011111100000000
0000000000000000
0011111110000000
0011110000000000
1011110001111010
1100000000000000
0011110101100110
0011110000000000
1100000000000000
1011110001111010
0011110101100110
0011110000000000
1100000000000000
0000000000000000
0011110101100110
0011110000000000
1011110001111010
1100000000000000
0011101100110011
0011110000000000
1100000000000000
1011110001111010
0011101100110011
0011110000000000
1100000000000000
0000000000000000
0011101100110011
0011110000000000
1011111100000000
0011101111010111
0011111110000000
0011110000000000
1011101111010111
0011111100000000
0011111110000000
0011110000000000
0000000000000000
0011111100000000
0011111110000000
0011110000000000
1100000000000000
0011110001111010
0011110101100110
0011110000000000
1011110001111010
0100000000000000
0011110101100110
0011110000000000
0000000000000000
0100000000000000
0011110101100110
0011110000000000
1100000000000000
0011110001111010
0011101100110011
0011110000000000
1011110001111010
0100000000000000
0011101100110011
0011110000000000
0000000000000000
0100000000000000
0011101100110011
0011110000000000
0011101111010111
0011111100000000
0011111110000000
0011110000000000
0011111100000000
0011101111010111
0011111110000000
0011110000000000
0011110001111010
0100000000000000
0011110101100110
0011110000000000
0100000000000000
0011110001111010
0011110101100110
0011110000000000
0011110001111010
0100000000000000
0011101100110011
0011110000000000
0100000000000000
0011110001111010
0011101100110011
0011110000000000
0100000000000000
0000000000000000
0011011100110011
0011110000000000
0100000000000000
1011110001111010
0011011100110011
0011110000000000
0011110001111010
1100000000000000
0011011100110011
0011110000000000
0000000000000000
1100000000000000
0011011100110011
0011110000000000
0011111000000000
0000000000000000
0011001100110011
0011110000000000
0011111000000000
1011101010111000
0011001100110011
0011110000000000
0011101010111000
1011111000000000
0011001100110011
0011110000000000
0000000000000000
1011111000000000
0011001100110011
0011110000000000
0011111000000000
0000000000000000
0011000011001100
0011110000000000
0011111000000000
1011101010111000
0011000011001100
0011110000000000
0011101010111000
1011111000000000
0011000011001100
0011110000000000
0000000000000000
1011111000000000
0011000011001100
0011110000000000
1011110001111010
1100000000000000
0011011100110011
0011110000000000
1100000000000000
1011110001111010
0011011100110011
0011110000000000
1100000000000000
0000000000000000
0011011100110011
0011110000000000
1011101010111000
1011111000000000
0011001100110011
0011110000000000
1011111000000000
1011101010111000
0011001100110011
0011110000000000
1011111000000000
0000000000000000
0011001100110011
0011110000000000
1011101010111000
1011111000000000
0011000011001100
0011110000000000
1011111000000000
1011101010111000
0011000011001100
0011110000000000
1011111000000000
0000000000000000
0011000011001100
0011110000000000
1100000000000000
0011110001111010
0011011100110011
0011110000000000
1011110001111010
0100000000000000
0011011100110011
0011110000000000
0000000000000000
0100000000000000
0011011100110011
0011110000000000
1011111000000000
0011101010111000
0011001100110011
0011110000000000
1011101010111000
0011111000000000
0011001100110011
0011110000000000
0000000000000000
0011111000000000
0011001100110011
0011110000000000
1011111000000000
0011101010111000
0011000011001100
0011110000000000
1011101010111000
0011111000000000
0011000011001100
0011110000000000
0000000000000000
0011111000000000
0011000011001100
0011110000000000
0011110001111010
0100000000000000
0011011100110011
0011110000000000
0100000000000000
0011110001111010
0011011100110011
0011110000000000
0011101010111000
0011111000000000
0011001100110011
0011110000000000
0011111000000000
0011101010111000
0011001100110011
0011110000000000
0011101010111000
0011111000000000
0011000011001100
0011110000000000
0011111000000000
0011101010111000
0011000011001100
0011110000000000
1011111001100110
0000000000000000
0100000000001100
0011110000000000
1011111001100110
1011010011001100
0100000000001100
0011110000000000
1011111000000000
1011010011001100
0100000010000000
0011110000000000
1011111000000000
0000000000000000
0100000010000000
0011110000000000
1100000010011001
0000000000000000
0100000000001100
0011110000000000
1100000010011001
1011010011001100
0100000000001100
0011110000000000
1100000100000000
1011010011001100
0100000010000000
0011110000000000
1100000100000000
0000000000000000
0100000010000000
0011110000000000
1100000101100110
0000000000000000
0100000000001100
0011110000000000
1100000101100110
1011010011001100
0100000000001100
0011110000000000
1100001000000000
1011010011001100
0100000010000000
0011110000000000
1100001000000000
0000000000000000
0100000010000000
0011110000000000
1100000101100110
0000000000000000
0011111100110011
0011110000000000
1100000101100110
1011010011001100
0011111100110011
0011110000000000
1100001000000000
1011010011001100
0011111100110011
0011110000000000
1100001000000000
0000000000000000
0011111100110011
0011110000000000
1011111000000000
0011010011001100
0100000010000000
0011110000000000
1011111001100110
0011010011001100
0100000000001100
0011110000000000
1100000100000000
0011010011001100
0100000010000000
0011110000000000
1100000010011001
0011010011001100
0100000000001100
0011110000000000
1100001000000000
0011010011001100
0100000010000000
0011110000000000
1100000101100110
0011010011001100
0100000000001100
0011110000000000
1100001000000000
0011010011001100
0011111100110011
0011110000000000
1100000101100110
0011010011001100
0011111100110011
0011110000000000
1100000101100110
0000000000000000
0011111001001100
0011110000000000
1100000101100110
1011010011001100
0011111001001100
0011110000000000
1100001000000000
1011010011001100
0011110101100110
0011110000000000
1100001000000000
0000000000000000
0011110101100110
0011110000000000
1100000100000000
0000000000000000
0011110010000000
0011110000000000
1100000100000000
1011010011001100
0011110010000000
0011110000000000
1100000101001100
1011010011001100
0011101110000000
0011110000000000
1100000101001100
0000000000000000
0011101110000000
0011110000000000
1100000000000000
1011010011001100
0011101100110011
0011110000000000
1011111110011001
1011010011001100
0011100011001100
0011110000000000
1011111110011001
0000000000000000
0011100011001100
0011110000000000
1100001000000000
0011010011001100
0011110101100110
0011110000000000
1100000101100110
0011010011001100
0011111001001100
0011110000000000
1100000101001100
0011010011001100
0011101110000000
0011110000000000
1100000100000000
0011010011001100
0011110010000000
0011110000000000
1011111110011001
0011010011001100
0011100011001100
0011110000000000
1100000000000000
0011010011001100
0011101100110011
0011110000000000
0011111011001100
0000000000000000
0011110110110011
0011110000000000
0011111011001100
1011100101000111
0011110110110011
0011110000000000
0011111011001100
1011100101000111
0011100011001100
0011110000000000
0011111011001100
0000000000000000
0011100011001100
0011110000000000
0100000100110011
0000000000000000
0011110110110011
0011110000000000
0100000100110011
1011100101000111
0011110110110011
0011110000000000
0100001000110011
1011100101000111
0011101010011001
0011110000000000
0100001000110011
0000000000000000
0011101010011001
0011110000000000
0100000010011001
0000000000000000
0100000000110011
0011110000000000
0100000010011001
1011010000000000
0100000000110011
0011110000000000
0100000011001100
1011010000000000
0100000000001100
0011110000000000
0100000011001100
0000000000000000
0100000000001100
0011110000000000
0100000101100110
0000000000000000
0100000011001100
0011110000000000
0100000101100110
1011010000000000
0100000011001100
0011110000000000
0100001010011001
1011010000000000
0100000011001100
0011110000000000
0100001010011001
0000000000000000
0100000011001100
0011110000000000
0011111011001100
0011100101000111
0011100011001100
0011110000000000
0011111011001100
0011100101000111
0011110110110011
0011110000000000
0100001000110011
0011100101000111
0011101010011001
0011110000000000
0100000100110011
0011100101000111
0011110110110011
0011110000000000
0100000011001100
0011010000000000
0100000000001100
0011110000000000
0100000010011001
0011010000000000
0100000000110011
0011110000000000
0100001010011001
0011010000000000
0100000011001100
0011110000000000
0100000101100110
0011010000000000
0100000011001100
0011110000000000
0100000110011001
0000000000000000
0100000011110011
0011110000000000
0100000110011001
1011010000000000
0100000011110011
0011110000000000
0100001100001100
1011010000000000
0100000011111100
0011110000000000
0100001100001100
0000000000000000
0100000011111100
0011110000000000
0100000111001100
0000000000000000
0100000011110011
0011110000000000
0100000111001100
1011000011001100
0100000011110011
0011110000000000
0100001011100110
1011000011001100
0100000100000110
0011110000000000
0100001011100110
0000000000000000
0100000100000110
0011110000000000
0100000110011001
0000000000000000
0100000011001100
0011110000000000
0100000110011001
1011000011001100
0100000011001100
0011110000000000
0100001001100110
1011000011001100
0100000011001100
0011110000000000
0100001001100110
0000000000000000
0100000011001100
0011110000000000
0100001100001100
0011010000000000
0100000011111100
0011110000000000
0100000110011001
0011010000000000
0100000011110011
0011110000000000
0100001011100110
0011000011001100
0100000100000110
0011110000000000
0100000111001100
0011000011001100
0100000011110011
0011110000000000
0100001001100110
0011000011001100
0100000011001100
0011110000000000
0100000110011001
0011000011001100
0100000011001100
0011110000000000
0000000000000000
0000000000000000
0100001001001100
0011110000000000
0000000000000000
1001100000011000
0100001001001100
0011110000000000
0001100000011000
0000000000000000
0100001001001100
0011110000000000
0011101001100110
0000000000000000
0100001001001100
0011110000000000
0011101001100110
1011011100110011
0100001001001100
0011110000000000
0011011100110011
1011101001100110
0100001001001100
0011110000000000
0000000000000000
1011101001100110
0100001001001100
0011110000000000
0000000000000000
0000000000000000
0100000110110011
0011110000000000
0011001001100110
0000000000000000
0100000101100110
0011110000000000
0011001001100110
1010111100101011
0100000101100110
0011110000000000
0010111100101011
1011001001100110
0100000101100110
0011110000000000
0000000000000000
1011001001100110
0100000101100110
0011110000000000
1001100000011000
0000000000000000
0100001001001100
0011110000000000
1011011100110011
1011101001100110
0100001001001100
0011110000000000
1011101001100110
1011011100110011
0100001001001100
0011110000000000
1011101001100110
0000000000000000
0100001001001100
0011110000000000
1010111100101011
1011001001100110
0100000101100110
0011110000000000
1011001001100110
1010111100101011
0100000101100110
0011110000000000
1011001001100110
0000000000000000
0100000101100110
0011110000000000
0000000000000000
0001100000011000
0100001001001100
0011110000000000
1011101001100110
0011011100110011
0100001001001100
0011110000000000
1011011100110011
0011101001100110
0100001001001100
0011110000000000
0000000000000000
0011101001100110
0100001001001100
0011110000000000
1011001001100110
0010111100101011
0100000101100110
0011110000000000
1010111100101011
0011001001100110
0100000101100110
0011110000000000
0000000000000000
0011001001100110
0100000101100110
0011110000000000
0011011100110011
0011101001100110
0100001001001100
0011110000000000
0011101001100110
0011011100110011
0100001001001100
0011110000000000
0010111100101011
0011001001100110
0100000101100110
0011110000000000
0011001001100110
0010111100101011
0100000101100110
0011110000000000
0011011001100110
0000000000000000
0100000100011001
0011110000000000
0011011001100110
1011001100101011
0100000100011001
0011110000000000
0011001100101011
1011011001100110
0100000100011001
0011110000000000
0000000000000000
1011011001100110
0100000100011001
0011110000000000
0011110100110011
0000000000000000
0100000100011001
0011110000000000
0011110100110011
1011100111010010
0100000100011001
0011110000000000
0011100111010010
1011110100110011
0100000100011001
0011110000000000
0000000000000000
1011110100110011
0100000100011001
0011110000000000
0011110100110011
0000000000000000
0100000011001100
0011110000000000
0011110100110011
1011100111010010
0100000011001100
0011110000000000
0011100111010010
1011110100110011
0100000011001100
0011110000000000
0000000000000000
1011110100110011
0100000011001100
0011110000000000
1011001100101011
1011011001100110
0100000100011001
0011110000000000
1011011001100110
1011001100101011
0100000100011001
0011110000000000
1011011001100110
0000000000000000
0100000100011001
0011110000000000
1011100111010010
1011110100110011
0100000100011001
0011110000000000
1011110100110011
1011100111010010
0100000100011001
0011110000000000
1011110100110011
0000000000000000
0100000100011001
0011110000000000
1011100111010010
1011110100110011
0100000011001100
0011110000000000
1011110100110011
1011100111010010
0100000011001100
0011110000000000
1011110100110011
0000000000000000
0100000011001100
0011110000000000
1011011001100110
0011001100101011
0100000100011001
0011110000000000
1011001100101011
0011011001100110
0100000100011001
0011110000000000
0000000000000000
0011011001100110
0100000100011001
0011110000000000
1011110100110011
0011100111010010
0100000100011001
0011110000000000
1011100111010010
0011110100110011
0100000100011001
0011110000000000
0000000000000000
0011110100110011
0100000100011001
0011110000000000
1011110100110011
0011100111010010
0100000011001100
0011110000000000
1011100111010010
0011110100110011
0100000011001100
0011110000000000
0000000000000000
0011110100110011
0100000011001100
0011110000000000
0011001100101011
0011011001100110
0100000100011001
0011110000000000
0011011001100110
0011001100101011
0100000100011001
0011110000000000
0011100111010010
0011110100110011
0100000100011001
0011110000000000
0011110100110011
0011100111010010
0100000100011001
0011110000000000
0011100111010010
0011110100110011
0100000011001100
0011110000000000
0011110100110011
0011100111010010
0100000011001100
0011110000000000
0000000000000000
0000000000000000
0000000000000000
0011110000000000
0011111000000000
0000000000000000
0011000011001100
0011110000000000
0011111000000000
0011101010111000
0011000011001100
0011110000000000
0011101010111000
0011111000000000
0011000011001100
0011110000000000
0000000000000000
0011111000000000
0011000011001100
0011110000000000
0011111000000000
0000000000000000
0010110011001100
0011110000000000
0011111000000000
0011101010111000
0010110011001100
0011110000000000
0011101010111000
0011111000000000
0010110011001100
0011110000000000
0000000000000000
0011111000000000
0010110011001100
0011110000000000
0011110110110011
0000000000000000
0000000000000000
0011110000000000
0011110110110011
0011101001100010
0000000000000000
0011110000000000
0011101001100010
0011110110110011
0000000000000000
0011110000000000
0000000000000000
0011110110110011
0000000000000000
0011110000000000
1011101010111000
0011111000000000
0011000011001100
0011110000000000
1011111000000000
0011101010111000
0011000011001100
0011110000000000
1011111000000000
0000000000000000
0011000011001100
0011110000000000
1011101010111000
0011111000000000
0010110011001100
0011110000000000
1011111000000000
0011101010111000
0010110011001100
0011110000000000
1011111000000000
0000000000000000
0010110011001100
0011110000000000
1011101001100010
0011110110110011
0000000000000000
0011110000000000
1011110110110011
0011101001100010
0000000000000000
0011110000000000
1011110110110011
0000000000000000
0000000000000000
0011110000000000
1011111000000000
1011101010111000
0011000011001100
0011110000000000
1011101010111000
1011111000000000
0011000011001100
0011110000000000
0000000000000000
1011111000000000
0011000011001100
0011110000000000
1011111000000000
1011101010111000
0010110011001100
0011110000000000
1011101010111000
1011111000000000
0010110011001100
0011110000000000
0000000000000000
1011111000000000
0010110011001100
0011110000000000
1011110110110011
1011101001100010
0000000000000000
0011110000000000
1011101001100010
1011110110110011
0000000000000000
0011110000000000
0000000000000000
1011110110110011
0000000000000000
0011110000000000
0011101010111000
1011111000000000
0011000011001100
0011110000000000
0011111000000000
1011101010111000
0011000011001100
0011110000000000
0011101010111000
1011111000000000
0010110011001100
0011110000000000
0011111000000000
1011101010111000
0010110011001100
0011110000000000
0011101001100010
1011110110110011
0000000000000000
0011110000000000
0011110110110011
1011101001100010
0000000000000000
0011110000000000
