1101010001100110
1101000010001010
1100010110010000
0011001100000000
1101010010100000
1101000101100101
1100010110010000
0011001100000000
1101010011101000
1101001001000100
1100010001110000
0011101000111111
1101010100001010
1101001010000101
1100001000001101
0011110111110011
1101010001110101
1101000010101000
1100010110010000
0011001100000000
1101010010101100
1101000101111001
1100010110010000
0011001100000000
1101010011110001
1101001001001110
1100010001111111
0011101000000101
1101010100010010
1101001010001100
1100001001000111
0011110110111001
1101010001110000
1101000010011111
1100010110111110
0011000000011000
1101010010101011
1101000110000000
1100010110111110
0011000000011000
1101010011110110
1101001001100110
1100010010011001
0011100110011100
1101010100011010
1101001010101000
1100001001000111
0011110110111001
1101010001100010
1101000010000010
1100010110111110
0011000000011000
1101010010011111
1101000101101101
1100010110111110
0011000000011000
1101010011101101
1101001001011100
1100010010001100
0011100111001111
1101010100010010
1101001010100001
1100001000001101
0011110111110011
1101010100101101
1101001011000110
1100010001110010
0011101000110111
1101010100011011
1101001001001101
1100010110010000
0011001100000000
1101010011100010
1101000101110010
1100010110010000
0011001100000000
1101010100110011
1101001011001010
1100010001111111
0011101000000101
1101010100100010
1101001001010110
1100010110010000
0011001100000000
1101010011101011
1101000110000100
1100010110010000
0011001100000000
1101010100111101
1101001011101010
1100010010011001
0011100110011100
1101010100101011
1101001001101110
1100010110111110
0011000000011000
1101010011110000
1101000110001101
1100010110111110
0011000000011000
1101010100110111
1101001011100111
1100010010001100
0011100111001111
1101010100100100
1101001001100101
1100010110111110
0011000000011000
1101010011100110
1101000101111010
1100010110111110
0011000000011000
1101010100011011
1101000010010111
1100010110010000
0011001100000000
1101010100101101
1100111101110000
1100010001110010
0011101000110111
1101010100001010
1100111011101110
1100001000001101
0011110111110011
1101010100100010
1101000010110011
1100010110010000
0011001100000000
1101010100110011
1100111110111101
1100010001111111
0011101000000101
1101010100010010
1100111101000001
1100001001000111
0011110110111001
1101010100101011
1101000010101100
1100010110111110
0011000000011000
1101010100111101
1100111110001101
1100010010011001
0011100110011100
1101010100011010
1100111100001000
1100001001000111
0011110110111001
1101010100100100
1101000010001111
1100010110111110
0011000000011000
1101010100110111
1100111101000000
1100010010001100
0011100111001111
1101010100010010
1100111010110110
1100001000001101
0011110111110011
1101010011101000
1100111001101100
1100010001110010
0011101000110111
1101010010100000
1100111101011110
1100010110010000
0011001100000000
1101010011110001
1100111011000101
1100010001111111
0011101000000101
1101010010101100
1100111110101100
1100010110010000
0011001100000000
1101010011110110
1100111010000011
1100010010011001
0011100110011100
1101010010101011
1100111101111100
1100010110111110
0011000000011000
1101010011101101
1100111000101010
1100010010001100
0011100111001111
1101010010011111
1100111100101110
1100010110111110
0011000000011000
1101010000100100
1101000000010001
1100010111000010
0010111111010000
1101010001101100
1101000100100011
1100010111000010
0010111111010000
1101010011000111
1101001000111010
1100010001011100
0011101010001111
1101010011110010
1101001010001011
1100000100101011
0011111011010101
1101001111001110
1100111100111101
1100010111000100
0010111110000000
1101010000111010
1101000011011000
1100010111000100
0010111110000000
1101010010100001
1101001000010110
1100010000101100
0011101101010010
1101010011010011
1101001001110011
1100000001001000
0011111110111000
1101001101111010
1100111010011110
1100010101100010
0011010011110000
1101010000010000
1101000010001000
1100010101100010
0011010011110000
1101010001110111
1101000111000111
1100001110010100
0011110001101101
1101010010101001
1101001000100100
1011111100001010
0100000000111110
1101010100011110
1101001011011100
1100010001011100
0011101010001111
1101010100000111
1101001001000101
1100010111000010
0010111111010000
1101010011000000
1101000100110011
1100010111000010
0010111111010000
1101010100000100
1101001011010000
1100010000101100
0011101101010010
1101010011101011
1101001000100010
1100010111000100
0010111110000000
1101010010011001
1101000011101010
1100010111000100
0010111110000000
1101010011011010
1101001010000000
1100001110010100
0011110001101101
1101010011000001
1101000111010011
1100010101100010
0011010011110000
1101010001101111
1101000010011010
1100010101100010
0011010011110000
1101010100000111
1101000000100001
1100010111000010
0010111111010000
1101010100011110
1100111000010100
1100010001011100
0011101010001111
1101010011110010
1100110101110010
1100000100101011
0011111011010101
1101010011101011
1100111101100001
1100010111000100
0010111110000000
1101010100000100
1100110011100011
1100010000101100
0011101101010010
1101010011010011
1100110000101010
1100000001001000
0011111110111000
1101010011000001
1100111011000010
1100010101100010
0011010011110000
1101010011011010
1100110001000100
1100001110010100
0011110001101101
1101010010101001
1100101100010110
1011111100001010
0100000000111110
1101010011000111
1100110011010000
1100010001011100
0011101010001111
1101010001101100
1100110111111110
1100010111000010
0010111111010000
1101010010100001
1100101011100010
1100010000101100
0011101101010010
1101010000111010
1100110011001011
1100010111000100
0010111110000000
1101010001110111
1100100110100100
1100001110010100
0011110001101101
1101010000010000
1100110000101100
1100010101100010
0011010011110000
1101001100100101
1100110111111111
1100010100000001
0011011111111000
1101001111001001
1101000000111000
1100010100000001
0011011111111000
1101010001001100
1101000101111000
1100001011010010
0011110100101111
1101010001111110
1101000111010100
1011110110000101
0100000010011111
1101001100100110
1100111000000010
1100001111010001
0011110000101110
1101001110100010
1100111111011000
1100001111010001
0011110000101110
1101010000011110
1101000011011011
1100000101101100
0011111010010010
1101010001000100
1101000100100000
1011110011000010
0100000011001111
1101001100010111
1100110111100111
1100001110110001
0011110001010000
1101001110010010
1100111110111100
1100001110110001
0011110001010000
1101010000010111
1101000011001101
1100000101001100
0011111010110100
1101010000111100
1101000100010011
1011110010000010
0100000011100000
1101010010101111
1101001000110000
1100001011010010
0011110100101111
1101010010010110
1101000110000100
1100010100000001
0011011111111000
1101010001000100
1101000001001010
1100010100000001
0011011111111000
1101010001101001
1101000101100110
1100000101101100
0011111010010010
1101010001010110
1101000011100100
1100001111010001
0011110000101110
1101010000011000
1100111111110010
1100001111010001
0011110000101110
1101010001100001
1101000101011000
1100000101001100
0011111010110100
1101010001001110
1101000011010110
1100001110110001
0011110001010000
1101010000010000
1100111111010111
1100001110110001
0011110001010000
1101010010010110
1100111000100011
1100010100000001
0011011111111000
1101010010101111
1100101101001010
1100001011010010
0011110100101111
1101010001111110
1100100111011000
1011110110000101
0100000010011111
1101010001010110
1100111000011100
1100001111010001
0011110000101110
1101010001101001
1100110000111110
1100000101101100
0011111010010010
1101010001000100
1100101101100111
1011110011000010
0100000011001111
1101010001001110
1100111000000010
1100001110110001
0011110001010000
1101010001100001
1100110000100100
1100000101001100
0011111010110100
1101010000111100
1100101100110001
1011110010000010
0100000011100000
1101010001001100
1100100001100110
1100001011010010
0011110100101111
1101001111001001
1100101100011010
1100010100000001
0011011111111000
1101010000011110
1100101001010001
1100000101101100
0011111010010010
1101001110100010
1100110000101100
1100001111010001
0011110000101110
1101010000010111
1100101000011011
1100000101001100
0011111010110100
1101001110010010
1100110000010010
1100001110110001
0011110001010000
1101010011000111
1101000101000000
1100010110011100
0011001001001000
1101010011011101
1101000110010100
1100010110011100
0011001001001000
1101010011101110
1101000110110100
1100010110011110
0011001000011000
1101010011011000
1101000101100000
1100010110011110
0011001000011000
1101010011100110
1101000101111010
1100011011100000
1011011100000100
1101010011111100
1101000111001110
1100011011100000
1011011100000100
1101010100011011
1101001000000110
1100011101101110
1011100110111010
1101010100000101
1101000110110011
1100011101101110
1011100110111010
1101010011111000
1101000110011011
1100011110011010
1011101001100110
1101010100001110
1101000111101111
1100011110011010
1011101001100110
1101010100110001
1101001000110000
1100100000101011
1011110010101101
1101010100011011
1101000111011100
1100100000101011
1011110010101101
1101010011100010
1101000101110011
1100011101101001
1011100110100100
1101010011111000
1101000111000111
1100011101101001
1011100110100100
1101010100000110
1101000111100000
1100011111110101
1011101111010100
1101010011110000
1101000110001100
1100011111110101
1011101111010100
1101010011101110
1101000100001100
1100010110011110
0011001000011000
1101010011011101
1101000011101100
1100010110011100
0011001001001000
1101010100011011
1101000101011111
1100011101101110
1011100110111010
1101010011111100
1101000100100110
1100011011100000
1011011100000100
1101010100110001
1101000110001000
1100100000101011
1011110010101101
1101010100001110
1101000101001000
1100011110011010
1011101001100110
1101010100000110
1101000100111000
1100011111110101
1011101111010100
1101010011111000
1101000100100000
1100011101101001
1011100110100100
1101010011001110
1101000101001011
1100011100111000
1011100011100010
1101010011100100
1101000110011111
1100011100111000
1011100011100010
1101010011011011
1101000110010000
1100011110010100
1011101001010000
1101010011000101
1101000100111100
1100011110010100
1011101001010000
1101010010011010
1101000011101011
1100011001111011
1011001110110000
1101010010110000
1101000100111110
1100011001111011
1011001110110000
1101010010100100
1101000100101010
1100011010011000
1011010011000000
1101010010001110
1101000011010110
1100011010011000
1011010011000000
1101010010000101
1101000011101110
1100010101100010
0011010011110000
1101010001100011
1101000010110000
1100010011110011
0011100000110010
1101010001001101
1101000001011100
1100010011110011
0011100000110010
1101010011011011
1101000011101000
1100011110010100
1011101001010000
1101010011100100
1101000011111000
1100011100111000
1011100011100010
1101010010100100
1101000010000010
1100011010011000
1011010011000000
1101010010110000
1101000010010111
1100011001111011
1011001110110000
1101010001100011
1101000000001001
1100010011110011
0011100000110010
1101010010000101
1101000001000110
1100010101100010
0011010011110000
1101001111111000
1100111110001011
1100010101001000
0011010110111100
1101010000101100
1101000001111110
1100010101001000
0011010110111100
1101001110111100
1100111111010111
1100010010010110
0011100110100110
1101001101011100
1100111001100110
1100010010010110
0011100110100110
1101001110101000
1100111011110110
1100011011101010
1011011101010000
1101010000000100
1101000000110100
1100011011101010
1011011101010000
1101001101101010
1100111100111110
1100011101010000
1011100101000000
1101001100001010
1100110111001110
1100011101010000
1011100101000000
1101010000100010
1101000000001100
1100011011110001
1011011110001000
1101010000110101
1101000001010010
1100011011110001
1011011110001000
1101010000101000
1101000000111100
1100011100001110
1011100000111010
1101010000010110
1100111111101100
1100011100001110
1011100000111010
1101010000101100
1101000000011111
1100011111101010
1011101110101010
1101010000111111
1101000001100101
1100011111101010
1011101110101010
1101010000100100
1101000000110011
1100100010000001
1011111000000011
1101010000010010
1100111111011010
1100100010000001
1011111000000011
1101001110111100
1100110011110101
1100010010010110
0011100110100110
1101010000101100
1100111000011010
1100010101001000
0011010110111100
1101001101101010
1100110001011100
1100011101010000
1011100101000000
1101010000000100
1100110110000101
1100011011101010
1011011101010000
1101010000101000
1100111101100000
1100011100001110
1011100000111010
1101010000110101
1100111110001100
1100011011110001
1011011110001000
1101010000100100
1100111101001111
1100100010000001
1011111000000011
1101010000111111
1100111110110010
1100011111101010
1011101110101010
1101010000101111
1101000000100100
1100100000010101
1011110001010100
1101010001000010
1101000001101010
1100100000010101
1011110001010100
1101010000100100
1101000000110010
1100100010111111
1011111011111100
1101010000010001
1100111111011000
1100100010111111
1011111011111100
1101010000101011
1101000000011100
1100100000101100
1011110010110000
1101010000110110
1101000001000110
1100100000101100
1011110010110000
1101010000100000
1101000000011111
1100100010110000
1011111010111110
1101010000010101
1100111111101010
1100100010110000
1011111010111110
1101010000101000
1101000000010110
1100100000001101
1011110000110011
1101010000110011
1101000001000000
1100100000001101
1011110000110011
1101010000100010
1101000000100000
1100100001101001
1011110110100101
1101010000010110
1100111111101011
1100100001101001
1011110110100101
1101010000100100
1100111101001100
1100100010111111
1011111011111100
1101010001000010
1100111110111101
1100100000010101
1011110001010100
1101010000100000
1100111110010110
1100100010110000
1011111010111110
1101010000110110
1100111111100101
1100100000101100
1011110010110000
1101010000100010
1100111110010111
1100100001101001
1011110110100101
1101010000110011
1100111111011001
1100100000001101
1011110000110011
1101010011101011
1101000110000100
1100001101010010
0011110010101110
1101010011101011
1101000110000101
1100001101010010
0011110010101110
1101010011101011
1101000110000100
1100001101010100
0011110010101100
1101010011001000
1101000101000010
1100010100011100
0011011100100000
1101010011101001
1101000111000000
1100010100011100
0011011100100000
1101010100010010
1101001000111110
1100010001111010
0011101000011001
1101010100100110
1101001001100100
1100001101010010
0011110010101110
1101010011001111
1101000101001110
1100001011010000
0011110100110000
1101010010110111
1101000100100011
1100001101001000
0011110010111000
1101010010111111
1101000101000011
1100001101001000
0011110010111000
1101010011001010
1101000101100010
1100001011110111
0011110100001001
1101010011001111
1101000101101100
1100001010001111
0011110101110001
1101010011101011
1101000110000100
1100001101010100
0011110010101100
1101010100111010
1101001010001001
1100010001111010
0011101000011001
1101010100101111
1101001001000100
1100010100011100
0011011100100000
1101010100001110
1101000111000110
1100010100011100
0011011100100000
1101010011010100
1101000101110101
1100001011110111
0011110100001001
1101010011010001
1101000101100100
1100001101001000
0011110010111000
1101010011001001
1101000101000101
1100001101001000
0011110010111000
1101010011101011
1101000110000011
1100001101010010
0011110010101110
1101010100101111
1101000101001000
1100010100011100
0011011100100000
1101010100111010
1101000011001010
1100010001111010
0011101000011001
1101010100100110
1101000010100100
1100001101010010
0011110010101110
1101010011010001
1101000100100101
1100001101001000
0011110010111000
1101010011010100
1101000100000110
1100001011110111
0011110100001001
1101010011001111
1101000011111100
1100001010001111
0011110101110001
1101010100010010
1101000001111111
1100010001111010
0011101000011001
1101010011101001
1101000011000100
1100010100011100
0011011100100000
1101010011001010
1101000011110011
1100001011110111
0011110100001001
1101010010111111
1101000100000100
1100001101001000
0011110010111000
1101010010100000
1101000011111000
1100001111000001
0011110000111111
1101010010110001
1101000100110111
1100001111000001
0011110000111111
1101010011000101
1101000101110110
1100001100011110
0011110011100010
1101010011001111
1101000110001001
1100001001001110
0011110110110010
1101010001111000
1101000010101110
1100010110000010
0011001111100000
1101010010101110
1101000101111001
1100010110000010
0011001111100000
1101010011110001
1101001001001000
1100010001111000
0011101000011110
1101010100010001
1101001010000100
1100001001001110
0011110110110010
1101010001101010
1101000010010010
1100010101100010
0011010011110100
1101010010100000
1101000101011110
1100010101100010
0011010011110100
1101010011100011
1101001000101101
1100010001011000
0011101010100000
1101010100000011
1101001001101010
1100001000001101
0011110111110011
1101010011011001
1101000110011011
1100001100011110
0011110011100010
1101010011010100
1101000101111001
1100001111000001
0011110000111111
1101010011000100
1101000100111010
1100001111000001
0011110000111111
1101010100110010
1101001011000001
1100010001111000
0011101000011110
1101010100100001
1101001001010000
1100010110000010
0011001111100000
1101010011101100
1101000110000100
1100010110000010
0011001111100000
1101010100100100
1101001010100110
1100010001011000
0011101010100000
1101010100010011
1101001000110101
1100010101100010
0011010011110100
1101010011011110
1101000101101010
1100010101100010
0011010011110100
1101010011010100
1101000011111011
1100001111000001
0011110000111111
1101010011011001
1101000010111100
1100001100011110
0011110011100010
1101010011001111
1101000010101001
1100001001001110
0011110110110010
1101010100100001
1101000010111001
1100010110000010
0011001111100000
1101010100110010
1100111111010100
1100010001111000
0011101000011110
1101010100010001
1100111101011011
1100001001001110
0011110110110010
1101010100010011
1101000010011110
1100010101100010
0011010011110100
1101010100100100
1100111110011110
1100010001011000
0011101010100000
1101010100000011
1100111100100101
1100001000001101
0011110111110011
1101010011000101
1101000010010111
1100001100011110
0011110011100010
1101010010110001
1101000010111001
1100001111000001
0011110000111111
1101010011110001
1100111011100010
1100010001111000
0011101000011110
1101010010101110
1100111111000100
1100010110000010
0011001111100000
1101010011100011
1100111010101100
1100010001011000
0011101010100000
1101010010100000
1100111110001110
1100010101100010
0011010011110100
1101001110000000
1100111010101010
1011110000000000
0100000100000000
1101001100010111
1100110111100111
1100001110110001
0011110001010000
1101001110010010
1100110000010010
1100001110110001
0011110001010000
1101010000010111
1100101000011011
1100000101001100
0011111010110100
1101010000111100
1100101100110001
1011110010000010
0100000011100000
1101001100001001
1100110111001101
1100001110010000
0011110001110000
1101001110000100
1100101111101111
1100001110010000
0011110001110000
1101010000010000
1100100111100111
1100000100101100
0011111011010100
1101010000110101
1100101011111101
1011110001000001
0100000011110000
1101001100000010
1100110110111110
1100001100101010
0011110011010110
1101001101110111
1100110000000000
1100001100101010
0011110011010110
1101010000000101
1100101000010100
1100000011100100
0011111100011100
1101010000101000
1100101100011100
1011110000000000
0100000100000000
1101010001100001
1100110000100100
1100000101001100
0011111010110100
1101010001001110
1100111000000010
1100001110110001
0011110001010000
1101010000010000
1100111111010111
1100001110110001
0011110001010000
1101010001011010
1100110000001010
1100000100101100
0011111011010100
1101010001000111
1100110111101000
1100001110010000
0011110001110000
1101010000001001
1100111110111101
1100001110010000
0011110001110000
1101010001001100
1100110000010010
1100000011100100
0011111100011100
1101010000111010
1100110111011000
1100001100101010
0011110011010110
1101001111111110
1100111110010110
1100001100101010
0011110011010110
1101010001001110
1101000011010110
1100001110110001
0011110001010000
1101010001100001
1101000101011000
1100000101001100
0011111010110100
1101010000111100
1101000100010011
1011110010000010
0100000011100000
1101010001000111
1101000011001001
1100001110010000
0011110001110000
1101010001011010
1101000101001011
1100000100101100
0011111011010100
1101010000110101
1101000100000110
1011110001000001
0100000011110000
1101010000111010
1101000010101010
1100001100101010
0011110011010110
1101010001001100
1101000100100101
1100000011100100
0011111100011100
1101010000101000
1101000011100011
1011110000000000
0100000100000000
1101010000010111
1101000011001101
1100000101001100
0011111010110100
1101001110010010
1100111110111100
1100001110110001
0011110001010000
1101010000010000
1101000011000000
1100000100101100
0011111011010100
1101001110000100
1100111110100010
1100001110010000
0011110001110000
1101010000000101
1101000010100001
1100000011100100
0011111100011100
1101001101110111
1100111101111100
1100001100101010
0011110011010110
