-70.37678
-36.355760000000004
-5.56612
0.21694000000000013
-66.7793176
-43.2062736
-5.56612
0.21694000000000013
-65.66983
-50.191953999999996
-4.442308
0.7788460000000001
-67.83004
-52.2088
-3.0284799999999996
1.4857600000000002
-71.32939375000001
-37.245160625
-5.563765
0.21811749999999996
-67.89253235
-43.789847725
-5.563765
0.21811749999999996
-66.821992
-50.453786324999996
-4.4970498999999995
0.7514750500000003
-68.8963475
-52.39047562499999
-3.1394124999999997
1.4302937500000001
-71.05244375
-36.986590625
-5.745025
0.12748749999999998
-67.35862075
-44.020600125
-5.745025
0.12748749999999998
-66.20804
-51.182777125
-4.5985555
0.7007222500000001
-68.4374875
-53.264265625
-3.1394124999999997
1.4302937500000001
-70.09983
-36.09719
-5.74738
0.12631000000000014
-66.245406
-43.437026
-5.74738
0.12631000000000014
-65.0448
-50.910602
-4.551063999999999
0.7244680000000003
-67.37118
-53.082589999999996
-3.0284799999999996
1.4857600000000002
-70.001328
-54.2359888
-1.6074015999999995
2.1962992000000003
-74.5339176
-50.4462336
-0.49083999999999994
2.75458
-78.13138
-43.59572
-0.49083999999999994
2.75458
-70.970703
-54.327164925
-1.7817750999999997
2.10911245
-75.30094485000001
-50.706595225
-0.7150599999999998
2.6424700000000003
-78.73780625
-44.161908125
-0.7150599999999998
2.6424700000000003
-70.666935
-55.345754125
-1.6802694999999996
2.15986525
-75.32093325
-51.454487625
-0.5337999999999998
2.7331000000000003
-79.01475625
-44.420478125
-0.5337999999999998
2.7331000000000003
-69.69756
-55.254577999999995
-1.5058959999999997
2.247052
-74.553906
-51.194126
-0.3095799999999995
2.8452100000000002
-78.40833
-43.85429
-0.3095799999999995
2.8452100000000002
-81.72884239999999
-36.7452064
-0.49083999999999994
2.75458
-82.849408
-29.769868800000005
-1.6074015999999995
2.1962992000000003
-80.67811999999999
-27.74268
-3.0284799999999996
1.4857600000000002
-82.17466765
-37.617221025
-0.7150599999999998
2.6424700000000003
-83.24520799999999
-30.953282425
-1.7817750999999997
2.10911245
-81.1708525
-29.016593125
-3.1394124999999997
1.4302937500000001
-82.70857925
-37.386468625
-0.5337999999999998
2.7331000000000003
-83.85916
-30.224291625
-1.6802694999999996
2.15986525
-81.6297125
-28.142803125
-3.1394124999999997
1.4302937500000001
-82.262754
-36.514454
-0.3095799999999995
2.8452100000000002
-83.46336
-29.040878
-1.5058959999999997
2.247052
-81.13698
-26.86889
-3.0284799999999996
1.4857600000000002
-78.506832
-25.715491200000002
-4.4495584
0.7752208
-73.9742424
-29.505246399999997
-5.56612
0.21694000000000013
-79.096497
-27.079903825000002
-4.4970498999999995
0.7514750500000003
-74.76625515
-30.700473525
-5.563765
0.21811749999999996
-79.40026499999999
-26.061314625
-4.5985555
0.7007222500000001
-74.74626675
-29.952581125000002
-5.745025
0.12748749999999998
-78.8106
-24.696902
-4.551063999999999
0.7244680000000003
-73.95425399999999
-28.757354
-5.74738
0.12631000000000014
-66.289375
-32.539587499999996
-5.7568
0.12159999999999993
-61.792547
-41.102729499999995
-5.7568
0.12159999999999993
-60.39184
-49.821901499999996
-4.361098
0.8194509999999999
-63.10595
-52.355887499999994
-2.5847499999999997
1.7076250000000002
-62.47892
-28.981985
-5.76622
0.11689000000000016
-57.339688
-38.768433
-5.76622
0.11689000000000016
-55.73888
-48.733200999999994
-4.171132
0.914434
-58.840720000000005
-51.629185
-2.14102
1.92949
-59.80628
-26.48669
-5.38588
0.3070599999999999
-54.667048
-36.273138
-5.38588
0.3070599999999999
-53.06624
-46.237905999999995
-3.7907920000000006
1.1046039999999997
-56.16808
-49.13389
-1.76068
2.11966
-65.82006
-54.88987349999999
-0.8084019999999998
2.595799
-71.48579699999999
-50.152679500000005
0.5873000000000002
3.29365
-75.982625
-41.5895375
0.5873000000000002
3.29365
-61.94256
-54.525169
-0.11090799999999956
2.9445460000000003
-68.417688
-49.111233
1.4841800000000003
3.74209
-73.55692
-39.324785
1.4841800000000003
3.74209
-59.26992
-52.029874
0.26943200000000034
3.134716
-65.745048
-46.615938
1.8645199999999997
3.93226
-70.88428
-36.82949
1.8645199999999997
3.93226
-80.479453
-33.0263955
0.5873000000000002
3.29365
-81.88015999999999
-24.3072235
-0.8084019999999998
2.595799
-79.16605
-21.7732375
-2.5847499999999997
1.7076250000000002
-78.696152
-29.538337
1.4841800000000003
3.74209
-80.29696
-19.573569
-0.11090799999999956
2.9445460000000003
-77.19512
-16.677585
-2.14102
1.92949
-76.023512
-27.043042
1.8645199999999997
3.93226
-77.62432
-17.078274
0.26943200000000034
3.134716
-74.52248
-14.182290000000002
-1.76068
2.11966
-76.45194000000001
-19.2392515
-4.361098
0.8194509999999999
-70.786203
-23.976445499999997
-5.7568
0.12159999999999993
-74.09328
-13.781601000000002
-4.171132
0.914434
-67.618152
-19.195537
-5.76622
0.11689000000000016
-71.42063999999999
-11.286306000000003
-3.7907920000000006
1.1046039999999997
-64.945512
-16.700242
-5.38588
0.3070599999999999
-57.13364
-23.991395
-5.00554
0.49723000000000006
-51.994408
-33.777843000000004
-5.00554
0.49723000000000006
-50.3936
-43.742611
-3.4104520000000003
1.2947739999999999
-53.49544
-46.638594999999995
-1.38034
2.30983
-57.18207
-24.0365975
-3.9090700000000003
1.0454649999999999
-53.327646
-31.376433499999997
-3.9090700000000003
1.0454649999999999
-52.12704
-38.8500095
-2.712754
1.643623
-54.45342
-41.0219975
-1.19017
2.404915
-56.73663
-23.620715
-3.84568
1.07716
-52.882206000000004
-30.960551
-3.84568
1.07716
-51.6816
-38.434127000000004
-2.649364
1.675318
-54.00798
-40.606115
-1.12678
2.43661
-56.59728
-49.534578999999994
0.6497720000000005
3.3248860000000002
-63.072408
-44.120643
2.24486
4.12243
-68.21164
-34.334195
2.24486
4.12243
-56.7798
-43.1939855
0.332414
3.166207
-61.636146
-39.1335335
1.52873
3.7643649999999997
-65.49057
-31.7936975
1.52873
3.7643649999999997
-56.334360000000004
-42.778103
0.39580400000000004
3.197902
-61.190706
-38.717651000000004
1.59212
3.7960599999999998
-65.04513
-31.377815000000002
1.59212
3.7960599999999998
-73.350872
-24.547747
2.24486
4.12243
-74.95168
-14.582979000000002
0.6497720000000005
3.3248860000000002
-71.84984
-11.686995000000001
-1.38034
2.30983
-69.344994
-24.453861500000002
1.52873
3.7643649999999997
-70.54560000000001
-16.9802855
0.332414
3.166207
-68.21922
-14.8082975
-1.19017
2.404915
-68.899554
-24.037979
1.59212
3.7960599999999998
-70.10016
-16.564403000000002
0.39580400000000004
3.197902
-67.77378
-14.392415000000002
-1.12678
2.43661
-68.748
-8.791011000000001
-3.4104520000000003
1.2947739999999999
-62.272872
-14.204947
-5.00554
0.49723000000000006
-65.89283999999999
-12.6363095
-2.712754
1.643623
-61.036494
-16.6967615
-3.9090700000000003
1.0454649999999999
-65.4474
-12.220427
-2.649364
1.675318
-60.591054
-16.280879000000002
-3.84568
1.07716
-76.45808
-42.0334475
0.1886300000000003
3.094315
-75.0815
-44.6548175
0.1886300000000003
3.094315
-76.14087
-45.643895
-0.18279999999999985
2.9086
-77.51745
-43.022525
-0.18279999999999985
2.9086
-78.39672999999999
-43.8434375
1.4574499999999997
3.728725
-77.02015
-46.4648075
1.4574499999999997
3.728725
-78.91037
-48.229595
1.6298000000000004
3.8149
-80.28694999999999
-45.608225000000004
1.6298000000000004
3.8149
-79.50453
-44.8777175
2.1824900000000005
4.091245000000001
-78.12795
-47.4990875
2.1824900000000005
4.091245000000001
-80.29512
-49.522445000000005
2.5361000000000002
4.268050000000001
-81.6717
-46.901075
2.5361000000000002
4.268050000000001
-78.16821
-43.63007
2.37266
4.18633
-76.79163
-46.25144
2.37266
4.18633
-77.62248
-47.027150000000006
2.91644
4.45822
-78.99906
-44.40578
2.91644
4.45822
-78.89403
-40.401155
-0.18279999999999985
2.9086
-77.83466
-39.4120775
0.1886300000000003
3.094315
-81.66353000000001
-42.986855
1.6298000000000004
3.8149
-79.77331
-41.2220675
1.4574499999999997
3.728725
-83.04828
-44.279705
2.5361000000000002
4.268050000000001
-80.88111
-42.256347500000004
2.1824900000000005
4.091245000000001
-80.37564
-41.78441
2.91644
4.45822
-79.54479
-41.008700000000005
2.37266
4.18633
-76.83189
-42.382422500000004
2.5628300000000004
4.281415
-75.45531
-45.0037925
2.5628300000000004
4.281415
-74.94984
-44.531855
3.29678
4.64839
-76.32642
-41.910485
3.29678
4.64839
-73.60535
-39.3699875
2.5806500000000003
4.290325
-72.22877
-41.9913575
2.5806500000000003
4.290325
-71.530595
-41.33950625
3.0110149999999996
4.5055075
-72.907175
-38.71813625
3.0110149999999996
4.5055075
-69.5077
-39.45086
1.8645199999999997
3.93226
-67.44899
-37.52876
1.93682
3.96841
-68.82557
-34.90739
1.93682
3.96841
-77.703
-39.289115
3.29678
4.64839
-78.20847
-39.761052500000005
2.5628300000000004
4.281415
-74.283755
-36.09676625
3.0110149999999996
4.5055075
-74.98193
-36.7486175
2.5806500000000003
4.290325
-70.20215
-32.28602
1.93682
3.96841
-72.26086
-34.20812
1.8645199999999997
3.93226
-63.75521
-30.1735775
-5.28583
0.3570850000000001
-60.726734
-35.9405915
-5.28583
0.3570850000000001
-55.826894
-31.365884
-4.58854
0.70573
-58.85537
-25.59887
-4.58854
0.70573
-61.26266
-27.8464475
-6.9171700000000005
-0.45858500000000024
-58.234184
-33.6134615
-6.9171700000000005
-0.45858500000000024
-53.285914
-28.993551500000002
-7.31635
-0.658175
-56.31439
-23.2265375
-7.31635
-0.658175
-66.10247
-32.3651
-6.943899999999999
-0.47194999999999965
-64.95532
-34.549575000000004
-6.943899999999999
-0.47194999999999965
-64.23293
-33.8751225
-7.061769999999999
-0.5308849999999996
-65.38007999999999
-31.6906475
-7.061769999999999
-0.5308849999999996
-66.77643
-32.99435
-7.922499999999999
-0.9612499999999997
-65.62928
-35.178825
-7.922499999999999
-0.9612499999999997
-63.96758
-33.627405
-9.01006
-1.5050299999999996
-65.11473
-31.44293
-9.01006
-1.5050299999999996
-61.883846
-19.831856
-4.58854
0.70573
-66.783686
-24.406563499999997
-5.28583
0.3570850000000001
-59.342866
-17.4595235
-7.31635
-0.658175
-64.291136
-22.0794335
-6.9171700000000005
-0.45858500000000024
-66.52723
-29.506172499999998
-7.061769999999999
-0.5308849999999996
-67.24962
-30.180625
-6.943899999999999
-0.47194999999999965
-66.26188
-29.258454999999998
-9.01006
-1.5050299999999996
-67.92358
-30.809874999999998
-7.922499999999999
-0.9612499999999997
-66.94492
-33.1516625
-8.16715
-1.0835749999999997
-65.79777
-35.3361375
-8.16715
-1.0835749999999997
-63.9012425
-33.565475625
-9.4971325
-1.7485662499999997
-65.0483925
-31.381000625
-9.4971325
-1.7485662499999997
-66.66797
-32.8930925
-8.348410000000001
-1.1742050000000002
-65.97968
-34.2037775
-8.348410000000001
-1.1742050000000002
-64.679175
-32.98958375
-9.377035
-1.6885174999999997
-65.367465
-31.678898750000002
-9.377035
-1.6885174999999997
-66.49948
-32.73578
-8.10376
-1.0518799999999997
-65.81119
-34.046465
-8.10376
-1.0518799999999997
-64.70339
-33.012185
-8.8288
-1.4143999999999997
-65.39168
-31.7015
-8.8288
-1.4143999999999997
-66.1955425
-29.196525625
-9.4971325
-1.7485662499999997
-68.09207
-30.9671875
-8.16715
-1.0835749999999997
-66.055755
-30.368213750000002
-9.377035
-1.6885174999999997
-67.35626
-31.582407500000002
-8.348410000000001
-1.1742050000000002
-66.07997
-30.390815
-8.8288
-1.4143999999999997
-67.18777
-31.425095
-8.10376
-1.0518799999999997
-78.70848
-44.134564999999995
-3.6623799999999997
1.1688100000000001
-78.6993028
-44.152040799999995
-3.6623799999999997
1.1688100000000001
-78.702941
-44.1293936
-3.6660052
1.1669974
-76.49288
-42.066005
-5.11246
0.4437700000000002
-74.42801
-45.998059999999995
-5.11246
0.4437700000000002
-73.791325
-49.96132
-4.47805
0.7609750000000002
-75.0376
-51.124885
-3.6623799999999997
1.1688100000000001
-76.92672
-42.471035
-3.40882
1.29559
-75.48194
-41.12213
-3.64456
1.17772
-74.9680168
-42.100774799999996
-3.64456
1.17772
-74.807936
-43.0972516
-3.4850512
1.2574744
-75.11812
-43.386849999999995
-3.28204
1.35898
-78.714019
-44.1397364
-3.6587547999999996
1.1706226000000002
-76.283875
-52.28845
-2.84671
1.576645
-78.85920999999999
-50.13518
-2.2123
1.89385
-80.92408
-46.203125
-2.2123
1.89385
-75.428304
-43.6764484
-3.0790287999999997
1.4604856000000002
-76.0758168
-43.1350548
-2.91952
1.54024
-76.58974
-42.15641
-2.91952
1.54024
-78.71765719999999
-44.117089199999995
-3.6623799999999997
1.1688100000000001
-82.98894999999999
-42.271069999999995
-2.2123
1.89385
-83.625635
-38.307809999999996
-2.84671
1.576645
-82.37935999999999
-37.144245
-3.6623799999999997
1.1688100000000001
-77.1036632
-41.177765199999996
-2.91952
1.54024
-77.263744
-40.1812884
-3.0790287999999997
1.4604856000000002
-76.95356
-39.89169
-3.28204
1.35898
-81.133085
-35.98068
-4.47805
0.7609750000000002
-78.55775
-38.13395
-5.11246
0.4437700000000002
-76.643376
-39.6020916
-3.4850512
1.2574744
-75.9958632
-40.1434852
-3.64456
1.17772
-74.03716
-39.773225
-3.8802999999999996
1.0598500000000002
-73.0093136
-41.7305146
-3.8802999999999996
1.0598500000000002
-72.68915199999999
-43.7234682
-3.5612823999999996
1.2193588000000002
-73.30951999999999
-44.302665000000005
-3.1552599999999997
1.4223700000000001
-71.54461
-37.446095
-5.51164
0.24418000000000006
-68.2041092
-43.80728619999999
-5.51164
0.24418000000000006
-67.163584
-50.284385400000005
-4.4748328
0.7625836000000001
-69.17978
-52.166775
-3.1552599999999997
1.4223700000000001
-70.65373
-36.614329999999995
-5.38486
0.3075700000000001
-67.3132292
-42.9755212
-5.38486
0.3075700000000001
-66.272704
-49.4526204
-4.3480528
0.8259736000000002
-68.2889
-51.33501
-3.0284799999999996
1.4857600000000002
-73.929888
-44.881861799999996
-2.7492376
1.6253812
-75.2249136
-43.7990746
-2.43022
1.78489
-76.25276
-41.841785
-2.43022
1.78489
-71.195976
-54.0491646
-1.8356871999999997
2.0821564
-75.4048092
-50.5301062
-0.7988799999999996
2.60056
-78.74530999999999
-44.168915
-0.7988799999999996
2.60056
-70.30509599999999
-53.2173996
-1.7089071999999996
2.1455464
-74.51392919999999
-49.6983412
-0.6720999999999995
2.6639500000000003
-77.85443
-43.33715
-0.6720999999999995
2.6639500000000003
-77.2806064
-39.8844954
-2.43022
1.78489
-77.600768
-37.8915418
-2.7492376
1.6253812
-76.9804
-37.312345
-3.1552599999999997
1.4223700000000001
-82.08581079999999
-37.8077238
-0.7988799999999996
2.60056
-83.126336
-31.3306246
-1.8356871999999997
2.0821564
-81.11014
-29.448234999999997
-3.1552599999999997
1.4223700000000001
-81.1949308
-36.9759588
-0.6720999999999995
2.6639500000000003
-82.235456
-30.4988596
-1.7089071999999996
2.1455464
-80.21925999999999
-28.61647
-3.0284799999999996
1.4857600000000002
-76.36003199999999
-36.7331482
-3.5612823999999996
1.2193588000000002
-75.0650064
-37.8159354
-3.8802999999999996
1.0598500000000002
-79.093944
-27.5658454
-4.4748328
0.7625836000000001
-74.88511079999999
-31.0849038
-5.51164
0.24418000000000006
-78.203064
-26.7340804
-4.3480528
0.8259736000000002
-73.9942308
-30.253138800000002
-5.38486
0.3075700000000001
-60.0
-26.6675
-1.0
2.5
-56.73663
-23.620715
-3.84568
1.07716
-60.591054
-16.280879000000002
-3.84568
1.07716
-65.4474
-12.220427
-2.649364
1.675318
-67.77378
-14.392415000000002
-1.12678
2.43661
-56.29119
-23.204832500000002
-3.78229
1.108855
-60.145614
-15.864996500000002
-3.78229
1.108855
-65.00196
-11.8045445
-2.585974
1.707013
-67.32834
-13.976532500000001
-1.06339
2.468305
-56.0534625
-22.9828775
-3.582955
1.2085225
-59.7151653
-16.0100333
-3.582955
1.2085225
-64.328694
-12.1526039
-2.4464548
1.7767726
-66.538755
-14.2159925
-1.0
2.5
-70.10016
-16.564403000000002
0.39580400000000004
3.197902
-68.899554
-24.037979
1.59212
3.7960599999999998
-65.04513
-31.377815000000002
1.59212
3.7960599999999998
-69.65472
-16.148520500000004
0.4591939999999999
3.229597
-68.454114
-23.6220965
1.65551
3.827755
-64.59969
-30.9619325
1.65551
3.827755
-68.748816
-16.279381100000002
0.44645480000000015
3.2232274
-67.6082403
-23.3792783
1.5829550000000001
3.7914775
-63.9465375
-30.3521225
1.5829550000000001
3.7914775
-61.190706
-38.717651000000004
1.59212
3.7960599999999998
-56.334360000000004
-42.778103
0.39580400000000004
3.197902
-54.00798
-40.606115
-1.12678
2.43661
-60.745266
-38.3017685
1.65551
3.827755
-55.88892
-42.3622205
0.4591939999999999
3.229597
-53.56254
-40.1902325
-1.06339
2.468305
-60.2848347
-37.324966700000004
1.5829550000000001
3.7914775
-55.671306
-41.1823961
0.44645480000000015
3.2232274
-53.461245
-39.1190075
-1.0
2.5
-51.6816
-38.434127000000004
-2.649364
1.675318
-52.882206000000004
-30.960551
-3.84568
1.07716
-51.23616
-38.0182445
-2.585974
1.707013
-52.436766
-30.5446685
-3.78229
1.108855
-51.251184
-37.0556189
-2.4464548
1.7767726
-52.3917597
-29.9557217
-3.582955
1.2085225
