-70.375
-36.3125
-5.5625
0.21875
-74.0
-43.15625
-5.5625
0.21875
-78.5
-50.125
-4.4375
0.78076171875
-80.625
-52.15625
-3.025390625
1.4873046875
-71.3125
-37.25
-5.5625
0.21875
-74.75
-43.78125
-5.5625
0.21875
-79.0625
-50.4375
-4.49609375
0.75244140625
-81.125
-52.375
-3.138671875
1.4306640625
-71.0
-36.96875
-5.7421875
0.1279296875
-74.6875
-44.0
-5.7421875
0.1279296875
-79.375
-51.1875
-4.59765625
0.701171875
-81.625
-53.25
-3.138671875
1.4306640625
-70.125
-36.0625
-5.7421875
0.1279296875
-73.9375
-43.40625
-5.7421875
0.1279296875
-78.8125
-50.875
-4.546875
0.72607421875
-81.125
-53.03125
-3.025390625
1.4873046875
-82.8125
-54.1875
-4.4453125
0.77685546875
-81.6875
-50.40625
-5.5625
0.21875
-78.125
-43.5625
-5.5625
0.21875
-83.1875
-54.3125
-4.49609375
0.75244140625
-82.125
-50.6875
-5.5625
0.21875
-78.6875
-44.125
-5.5625
0.21875
-83.8125
-55.3125
-4.59765625
0.701171875
-82.6875
-51.4375
-5.7421875
0.1279296875
-79.0
-44.40625
-5.7421875
0.1279296875
-83.4375
-55.21875
-4.546875
0.72607421875
-82.25
-51.15625
-5.7421875
0.1279296875
-78.375
-43.8125
-5.7421875
0.1279296875
-81.6875
-36.71875
-5.5625
0.21875
-82.8125
-29.75
-4.4453125
0.77685546875
-80.625
-27.71875
-3.025390625
1.4873046875
-82.125
-37.59375
-5.5625
0.21875
-83.1875
-30.953125
-4.49609375
0.75244140625
-81.125
-29.015625
-3.138671875
1.4306640625
-82.6875
-37.375
-5.7421875
0.1279296875
-83.8125
-30.203125
-4.59765625
0.701171875
-81.625
-28.125
-3.138671875
1.4306640625
-82.25
-36.46875
-5.7421875
0.1279296875
-83.4375
-29.0
-4.546875
0.72607421875
-81.125
-26.84375
-3.025390625
1.4873046875
-78.5
-25.6875
-4.4453125
0.77685546875
-74.0
-29.46875
-5.5625
0.21875
-79.0625
-27.078125
-4.49609375
0.75244140625
-74.75
-30.6875
-5.5625
0.21875
-79.375
-26.046875
-4.59765625
0.701171875
-74.6875
-29.9375
-5.7421875
0.1279296875
-78.8125
-24.65625
-4.546875
0.72607421875
-73.9375
-28.71875
-5.7421875
0.1279296875
-66.25
-32.53125
-5.7578125
0.1220703125
-70.75
-41.09375
-5.7578125
0.1220703125
-76.4375
-49.8125
-4.359375
0.81982421875
-79.125
-52.34375
-2.583984375
1.7080078125
-62.4375
-28.953125
-5.765625
0.1171875
-67.625
-38.75
-5.765625
0.1171875
-74.0625
-48.6875
-4.171875
0.9150390625
-77.1875
-51.59375
-2.140625
1.9296875
-59.8125
-26.46875
-5.3828125
0.30859375
-65.0
-36.25
-5.3828125
0.30859375
-71.4375
-46.21875
-3.7890625
1.1064453125
-74.5625
-49.125
-1.759765625
2.12109375
-81.875
-54.875
-4.359375
0.81982421875
-80.4375
-50.15625
-5.7578125
0.1220703125
-76.0
-41.59375
-5.7578125
0.1220703125
-80.25
-54.5
-4.171875
0.9150390625
-78.6875
-49.0625
-5.765625
0.1171875
-73.5625
-39.3125
-5.765625
0.1171875
-77.625
-52.0
-3.7890625
1.1064453125
-76.0625
-46.59375
-5.3828125
0.30859375
-70.9375
-36.8125
-5.3828125
0.30859375
-80.4375
-33.03125
-5.7578125
0.1220703125
-81.875
-24.3125
-4.359375
0.81982421875
-79.125
-21.78125
-2.583984375
1.7080078125
-78.6875
-29.515625
-5.765625
0.1171875
-80.25
-19.546875
-4.171875
0.9150390625
-77.1875
-16.65625
-2.140625
1.9296875
-76.0625
-27.03125
-5.3828125
0.30859375
-77.625
-17.0625
-3.7890625
1.1064453125
-74.5625
-14.171875
-1.759765625
2.12109375
-76.4375
-19.25
-4.359375
0.81982421875
-70.75
-23.96875
-5.7578125
0.1220703125
-74.0625
-13.765625
-4.171875
0.9150390625
-67.625
-19.171875
-5.765625
0.1171875
-71.4375
-11.28125
-3.7890625
1.1064453125
-65.0
-16.6875
-5.3828125
0.30859375
-57.15625
-23.984375
-5.00390625
0.498046875
-62.28125
-33.75
-5.00390625
0.498046875
-68.75
-43.75
-3.41015625
1.2958984375
-71.875
-46.625
-1.3798828125
2.310546875
-57.1875
-24.03125
-3.908203125
1.044921875
-61.0625
-31.375
-3.908203125
1.044921875
-65.875
-38.84375
-2.7109375
1.642578125
-68.25
-41.0
-1.189453125
2.404296875
-56.71875
-23.609375
-3.845703125
1.078125
-60.5625
-30.9375
-3.845703125
1.078125
-65.4375
-38.40625
-2.6484375
1.67578125
-67.75
-40.59375
-1.126953125
2.4375
-74.9375
-49.5
-3.41015625
1.2958984375
-73.375
-44.125
-5.00390625
0.498046875
-68.25
-34.3125
-5.00390625
0.498046875
-70.5625
-43.1875
-2.7109375
1.642578125
-69.375
-39.125
-3.908203125
1.044921875
-65.5
-31.78125
-3.908203125
1.044921875
-70.0625
-42.75
-2.6484375
1.67578125
-68.875
-38.6875
-3.845703125
1.078125
-65.0
-31.359375
-3.845703125
1.078125
-73.375
-24.546875
-5.00390625
0.498046875
-74.9375
-14.578125
-3.41015625
1.2958984375
-71.875
-11.6875
-1.3798828125
2.310546875
-69.375
-24.4375
-3.908203125
1.044921875
-70.5625
-16.96875
-2.7109375
1.642578125
-68.25
-14.8046875
-1.189453125
2.404296875
-68.875
-24.03125
-3.845703125
1.078125
-70.0625
-16.5625
-2.6484375
1.67578125
-67.75
-14.3828125
-1.126953125
2.4375
-68.75
-8.796875
-3.41015625
1.2958984375
-62.28125
-14.203125
-5.00390625
0.498046875
-65.875
-12.6328125
-2.7109375
1.642578125
-61.0625
-16.6875
-3.908203125
1.044921875
-65.4375
-12.2109375
-2.6484375
1.67578125
-60.5625
-16.28125
-3.845703125
1.078125
-76.4375
-42.0
-5.609375
0.1962890625
-77.8125
-44.625
-5.609375
0.1962890625
-78.875
-45.625
-5.6171875
0.1904296875
-77.5
-43.0
-5.6171875
0.1904296875
-78.375
-43.8125
-6.875
-0.4384765625
-79.75
-46.4375
-6.875
-0.4384765625
-81.6875
-48.1875
-7.4296875
-0.7158203125
-80.3125
-45.59375
-7.4296875
-0.7158203125
-79.5
-44.84375
-7.6015625
-0.7998046875
-80.875
-47.46875
-7.6015625
-0.7998046875
-83.0625
-49.5
-8.3359375
-1.1689453125
-81.6875
-46.875
-8.3359375
-1.1689453125
-78.125
-43.59375
-7.41015625
-0.705078125
-79.5
-46.21875
-7.41015625
-0.705078125
-80.375
-47.0
-7.95703125
-0.978515625
-79.0
-44.375
-7.95703125
-0.978515625
-78.875
-40.375
-5.6171875
0.1904296875
-77.8125
-39.375
-5.609375
0.1962890625
-81.6875
-42.96875
-7.4296875
-0.7158203125
-79.75
-41.1875
-6.875
-0.4384765625
-83.0625
-44.25
-8.3359375
-1.1689453125
-80.875
-42.25
-7.6015625
-0.7998046875
-80.375
-41.75
-7.95703125
-0.978515625
-79.5
-41.0
-7.41015625
-0.705078125
-76.875
-42.34375
-7.21875
-0.6103515625
-78.25
-44.96875
-7.21875
-0.6103515625
-77.6875
-44.5
-7.578125
-0.7890625
-76.3125
-41.875
-7.578125
-0.7890625
-73.625
-39.34375
-6.48046875
-0.240234375
-75.0
-41.9375
-6.48046875
-0.240234375
-74.25
-41.3125
-6.59375
-0.296875
-72.875
-38.6875
-6.59375
-0.296875
-72.3125
-39.4375
-5.3828125
0.30859375
-70.1875
-37.5
-4.94921875
0.5244140625
-68.8125
-34.875
-4.94921875
0.5244140625
-77.6875
-39.25
-7.578125
-0.7890625
-78.25
-39.75
-7.21875
-0.6103515625
-74.25
-36.0625
-6.59375
-0.296875
-75.0
-36.71875
-6.48046875
-0.240234375
-70.1875
-32.28125
-4.94921875
0.5244140625
-72.3125
-34.1875
-5.3828125
0.30859375
-63.75
-30.171875
-5.28125
0.3583984375
-66.75
-35.9375
-5.28125
0.3583984375
-61.875
-31.359375
-4.5859375
0.7060546875
-58.875
-25.59375
-4.5859375
0.7060546875
-61.25
-27.84375
-6.9140625
-0.45703125
-64.25
-33.625
-6.9140625
-0.45703125
-59.3125
-28.96875
-7.3125
-0.65625
-56.3125
-23.21875
-7.3125
-0.65625
-66.125
-32.375
-6.94140625
-0.470703125
-67.3125
-34.5625
-6.94140625
-0.470703125
-66.5
-33.875
-7.0546875
-0.5283203125
-65.375
-31.6875
-7.0546875
-0.5283203125
-66.75
-32.96875
-7.9140625
-0.9580078125
-67.9375
-35.15625
-7.9140625
-0.9580078125
-66.25
-33.59375
-9.0078125
-1.5029296875
-65.125
-31.40625
-9.0078125
-1.5029296875
-61.875
-19.828125
-4.5859375
0.7060546875
-66.75
-24.40625
-5.28125
0.3583984375
-59.3125
-17.4375
-7.3125
-0.65625
-64.25
-22.078125
-6.9140625
-0.45703125
-66.5
-29.5
-7.0546875
-0.5283203125
-67.3125
-30.1875
-6.94140625
-0.470703125
-66.25
-29.234375
-9.0078125
-1.5029296875
-67.9375
-30.78125
-7.9140625
-0.9580078125
-66.9375
-33.125
-8.1640625
-1.08203125
-68.125
-35.3125
-8.1640625
-1.08203125
-66.25
-33.5625
-9.4921875
-1.74609375
-65.0625
-31.375
-9.4921875
-1.74609375
-66.6875
-32.875
-8.34375
-1.171875
-67.375
-34.1875
-8.34375
-1.171875
-66.0
-32.96875
-9.375
-1.685546875
-65.3125
-31.65625
-9.375
-1.685546875
-66.5
-32.6875
-8.1015625
-1.0498046875
-67.1875
-34.0
-8.1015625
-1.0498046875
-66.125
-33.0
-8.8203125
-1.4111328125
-65.375
-31.671875
-8.8203125
-1.4111328125
-66.25
-29.1875
-9.4921875
-1.74609375
-68.125
-30.953125
-8.1640625
-1.08203125
-66.0
-30.34375
-9.375
-1.685546875
-67.375
-31.578125
-8.34375
-1.171875
-66.125
-30.359375
-8.8203125
-1.4111328125
-67.1875
-31.390625
-8.1015625
-1.0498046875
-78.6875
-44.125
-3.66015625
1.169921875
-78.6875
-44.15625
-3.66015625
1.169921875
-78.6875
-44.125
-3.6640625
1.16796875
-76.5
-42.0625
-5.109375
0.4453125
-78.5625
-46.0
-5.109375
0.4453125
-81.125
-49.9375
-4.4765625
0.76220703125
-82.375
-51.125
-3.66015625
1.169921875
-76.9375
-42.4375
-3.40625
1.296875
-75.4375
-41.09375
-3.640625
1.1796875
-75.9375
-42.09375
-3.640625
1.1796875
-76.625
-43.0625
-3.482421875
1.2587890625
-76.9375
-43.375
-3.279296875
1.3603515625
-78.6875
-44.125
-3.6640625
1.16796875
-83.625
-52.28125
-4.4765625
0.76220703125
-82.9375
-50.125
-5.109375
0.4453125
-80.875
-46.1875
-5.109375
0.4453125
-77.25
-43.65625
-3.482421875
1.2587890625
-77.0625
-43.125
-3.640625
1.1796875
-76.5625
-42.15625
-3.640625
1.1796875
-78.6875
-44.09375
-3.66015625
1.169921875
-82.9375
-42.25
-5.109375
0.4453125
-83.625
-38.3125
-4.4765625
0.76220703125
-82.375
-37.125
-3.66015625
1.169921875
-77.0625
-41.15625
-3.640625
1.1796875
-77.25
-40.1875
-3.482421875
1.2587890625
-76.9375
-39.875
-3.279296875
1.3603515625
-81.125
-35.96875
-4.4765625
0.76220703125
-78.5625
-38.125
-5.109375
0.4453125
-76.625
-39.59375
-3.482421875
1.2587890625
-75.9375
-40.125
-3.640625
1.1796875
-74.0
-39.75
-3.876953125
1.0615234375
-75.0625
-41.71875
-3.876953125
1.0615234375
-76.3125
-43.6875
-3.55859375
1.220703125
-76.9375
-44.28125
-3.15234375
1.423828125
-71.5
-37.4375
-5.5078125
0.24609375
-74.875
-43.78125
-5.5078125
0.24609375
-79.0625
-50.25
-4.46875
0.7646484375
-81.0625
-52.125
-3.15234375
1.423828125
-70.625
-36.5625
-5.3828125
0.3095703125
-74.0
-42.9375
-5.3828125
0.3095703125
-78.1875
-49.40625
-4.34375
0.828125
-80.1875
-51.3125
-3.025390625
1.4873046875
-77.5625
-44.84375
-3.55859375
1.220703125
-77.25
-43.78125
-3.876953125
1.0615234375
-76.25
-41.8125
-3.876953125
1.0615234375
-83.125
-54.03125
-4.46875
0.7646484375
-82.0625
-50.5
-5.5078125
0.24609375
-78.75
-44.125
-5.5078125
0.24609375
-82.25
-53.1875
-4.34375
0.828125
-81.1875
-49.65625
-5.3828125
0.3095703125
-77.875
-43.3125
-5.3828125
0.3095703125
-77.25
-39.84375
-3.876953125
1.0615234375
-77.5625
-37.875
-3.55859375
1.220703125
-76.9375
-37.28125
-3.15234375
1.423828125
-82.0625
-37.78125
-5.5078125
0.24609375
-83.125
-31.3125
-4.46875
0.7646484375
-81.0625
-29.421875
-3.15234375
1.423828125
-81.1875
-36.9375
-5.3828125
0.3095703125
-82.25
-30.46875
-4.34375
0.828125
-80.1875
-28.578125
-3.025390625
1.4873046875
-76.3125
-36.71875
-3.55859375
1.220703125
-75.0625
-37.78125
-3.876953125
1.0615234375
-79.0625
-27.53125
-4.46875
0.7646484375
-74.875
-31.0625
-5.5078125
0.24609375
-78.1875
-26.6875
-4.34375
0.828125
-74.0
-30.21875
-5.3828125
0.3095703125
-60.0
-26.65625
-1.0
2.5
-56.71875
-23.609375
-3.845703125
1.078125
-60.5625
-16.28125
-3.845703125
1.078125
-65.4375
-12.2109375
-2.6484375
1.67578125
-67.75
-14.3828125
-1.126953125
2.4375
-56.28125
-23.203125
-3.78125
1.109375
-60.125
-15.8671875
-3.78125
1.109375
-65.0
-11.8046875
-2.5859375
1.70703125
-67.3125
-13.9765625
-1.0634765625
2.46875
-56.0625
-22.96875
-3.58203125
1.208984375
-59.71875
-16.0
-3.58203125
1.208984375
-64.3125
-12.15625
-2.4453125
1.77734375
-66.5
-14.21875
-1.0
2.5
-70.0625
-16.5625
-2.6484375
1.67578125
-68.875
-24.03125
-3.845703125
1.078125
-65.0
-31.359375
-3.845703125
1.078125
-69.625
-16.15625
-2.5859375
1.70703125
-68.4375
-23.625
-3.78125
1.109375
-64.5625
-30.953125
-3.78125
1.109375
-68.75
-16.28125
-2.4453125
1.77734375
-67.625
-23.375
-3.58203125
1.208984375
-63.9375
-30.34375
-3.58203125
1.208984375
-68.875
-38.6875
-3.845703125
1.078125
-70.0625
-42.75
-2.6484375
1.67578125
-67.75
-40.59375
-1.126953125
2.4375
-68.4375
-38.28125
-3.78125
1.109375
-69.625
-42.34375
-2.5859375
1.70703125
-67.3125
-40.1875
-1.0634765625
2.46875
-67.625
-37.3125
-3.58203125
1.208984375
-68.75
-41.15625
-2.4453125
1.77734375
-66.5
-39.09375
-1.0
2.5
-65.4375
-38.40625
-2.6484375
1.67578125
-60.5625
-30.9375
-3.845703125
1.078125
-65.0
-38.0
-2.5859375
1.70703125
-60.125
-30.53125
-3.78125
1.109375
-64.3125
-37.03125
-2.4453125
1.77734375
-59.71875
-29.9375
-3.58203125
1.208984375
